1	56413054	1	1
2	3272116950	2	1
3	34459298	3	1
4	161368351	4	1
5	661	5	1
6	25	6	1
7	640	7	1
8	36734	8	1
9	38.87	9	1
10	20446	10	2
11	67470.63	11	2
12	3567.83	12	2
13	1187.42	13	2
14	8	14	2
15	2473539	15	2
16	170605	16	2
17	111092	17	2
18	8.34	18	2
19	5.43	19	2
20	1382807	20	2
21	883815	21	2
22	249.77	22	2
23	149.24	23	2
24	8.11	24	2
25	7.96	25	2
26	1212202	26	2
27	6185.42	27	2
28	25954	28	2
29	4862	29	2
30	18872	30	2
31	2220	31	2
32	22941.51	32	2
33	970.79	33	2
34	41	34	2
35	1375317	35	2
36	63914	36	2
37	2.46	37	2
38	223321	38	2
39	338.2	39	2
40	3.49	40	2
41	159407	41	2
42	14976.44	42	2
43	15230	43	2
44	3410.73	44	2
45	725.9	45	2
46	23	46	2
47	909387	47	2
48	16688	48	2
49	1.1	49	2
50	35181	50	2
51	371.56	51	2
52	2.11	52	2
53	18493	53	2
54	4119.3	54	2
65	38440852	1	3
66	3234834689	2	3
67	33914472	3	3
68	243146473	4	3
69	242	5	3
70	25	6	3
71	297	7	3
72	27948	8	3
73	37.81	9	3
74	20787	10	4
75	63989.1	11	4
76	3136.38	12	4
77	1141.09	13	4
78	8	14	4
79	2304638	15	4
80	146152	16	4
81	95346	17	4
82	7.03	18	4
83	4.59	19	4
84	1072753	20	4
85	724218	21	4
86	231.84	22	4
87	150.21	23	4
88	7.34	24	4
89	7.6	25	4
90	926601	26	4
91	6220.21	27	4
92	22948	28	4
93	7050	29	4
94	13860	30	4
95	2038	31	4
96	15206.48	32	4
97	712.2	33	4
98	35	34	4
99	1536213	35	4
100	32971	36	4
101	1.44	37	4
102	82828	38	4
103	289.17	39	4
104	2.51	40	4
105	49857	41	4
106	12156.05	42	4
107	14170	43	4
108	3525.3	44	4
109	809.46	45	4
110	23	46	4
111	586570	47	4
112	17378	48	4
113	1.23	49	4
114	40183	50	4
115	362.52	51	4
116	2.31	52	4
117	22805	53	4
118	3049.46	54	4
127	4641652	2	5
128	3977025	3	5
129	0	4	5
130	0	5	5
131	1	6	5
132	1	7	5
133	1	8	5
134	50.79	9	5
135	4240	10	6
136	939.92	11	6
137	939.92	12	6
138	938.55	13	6
139	42	14	6
140	7077	15	6
141	4242	16	6
142	4239	17	6
143	1	18	6
144	1	19	6
145	4245	20	6
146	4242	21	6
147	939.17	22	6
148	937.89	23	6
149	1	24	6
150	1	25	6
151	3	26	6
152	1.67	27	6
153	179	28	6
154	179	29	6
155	0	30	6
156	0	31	6
157	269.83	32	6
158	269.83	33	6
159	53	34	6
160	2905	35	6
161	179	36	6
162	1	37	6
163	179	38	6
164	269.83	39	6
165	1	40	6
166	0	41	6
167	115	43	6
168	1103.18	44	6
169	913.03	45	6
170	51	46	6
171	8622	47	6
172	115	48	6
173	1	49	6
174	134	50	6
175	783.57	51	6
176	1.17	52	6
177	19	53	6
178	1150.95	54	6
181	23292622	2	7
182	12309897	3	7
183	0	4	7
184	0	5	7
185	14	6	7
186	14	7	7
187	14	8	7
188	19.34	9	7
189	5362	10	8
190	2569.88	11	8
191	2296.23	12	8
192	2297.48	13	8
193	90	14	8
194	30864	15	8
195	5362	16	8
196	5358	17	8
197	1	18	8
198	1	19	8
199	14146	20	8
200	14139	21	8
201	870.38	22	8
202	870.63	23	8
203	2.64	24	8
204	2.64	25	8
205	8784	26	8
206	167.04	27	8
207	252	28	8
208	252	29	8
209	0	30	8
210	0	31	8
211	553.68	32	8
212	553.68	33	8
213	68	34	8
214	6175	35	8
215	252	36	8
216	1	37	8
217	252	38	8
218	553.68	39	8
219	1	40	8
220	0	41	8
221	153	43	8
222	1665.66	44	8
223	1568.01	45	8
224	72	46	8
225	11291	47	8
226	153	48	8
227	1	49	8
228	461	50	8
229	520.4	51	8
230	3.01	52	8
231	308	53	8
232	48.51	54	8
235	51842	1	9
236	14547261565	2	9
237	133312441	3	9
238	275682619	4	9
239	692976	5	9
240	22	6	9
241	22	7	9
242	22	8	9
243	45.18	9	9
244	107891	10	10
245	3488.91	11	10
246	1570.98	12	10
247	1332.42	13	10
248	54	14	10
249	124945	15	10
250	133744	16	10
251	133346	17	10
252	1.24	18	10
253	1.24	19	10
254	749233	20	10
255	712204	21	10
256	303.33	22	10
257	249.47	23	10
258	5.6	24	10
259	5.34	25	10
260	615489	26	10
261	491.21	27	10
262	12853	28	10
263	12491	29	10
264	362	30	10
265	0	31	10
266	149.42	32	10
267	149.42	33	10
268	42	34	10
269	5792	35	10
270	12853	36	10
271	1	37	10
272	12853	38	10
273	149.42	39	10
274	1	40	10
275	0	41	10
276	null	42	10
277	0	43	10
286	12071326	2	11
287	8762001	3	11
288	0	4	11
289	0	5	11
290	16	6	11
291	16	7	11
292	16	8	11
293	38.15	9	11
294	6600	10	12
295	1344.37	11	12
296	1327.58	12	12
297	1327.58	13	12
298	51	14	12
299	14733	15	12
300	6600	16	12
301	6600	17	12
302	1	18	12
303	1	19	12
304	6913	20	12
305	6913	21	12
306	1267.47	22	12
307	1267.47	23	12
308	1.05	24	12
309	1.05	25	12
310	313	26	12
311	354.08	27	12
312	424	28	12
313	424	29	12
314	0	30	12
315	0	31	12
316	208.59	32	12
317	198.77	33	12
318	58	34	12
319	5947	35	12
320	424	36	12
321	1	37	12
322	491	38	12
323	171.64	39	12
324	1.16	40	12
325	67	41	12
326	62.18	42	12
327	12	43	12
328	863.25	44	12
329	863.25	45	12
330	228	46	12
331	3147	47	12
332	12	48	12
333	1	49	12
334	12	50	12
335	863.25	51	12
336	1	52	12
337	0	53	12
346	100272607	2	13
347	24569601	3	13
348	0	4	13
349	0	5	13
350	6	6	13
351	6	7	13
352	3267	8	13
353	35.44	9	13
354	19985	10	14
355	3224.91	11	14
356	1447.28	12	14
357	1412.42	13	14
358	30	14	14
359	102756	15	14
360	32524	16	14
361	31865	17	14
362	1.63	18	14
363	1.59	19	14
364	228411	20	14
365	215849	21	14
366	237.67	22	14
367	208.51	23	14
368	7.02	24	14
369	6.77	25	14
370	195887	26	14
371	397.55	27	14
372	24813	28	14
373	24519	29	14
374	294	30	14
375	0	31	14
376	82.61	32	14
377	75.03	33	14
378	17	34	14
379	14770	35	14
380	25311	36	14
381	1.02	37	14
382	25837	38	14
383	73	39	14
384	1.02	40	14
385	526	41	14
386	385.3	42	14
387	2128	43	14
388	1521.23	44	14
389	931.43	45	14
390	63	46	14
391	17899	47	14
392	1958	48	14
393	1.02	49	14
394	8869	50	14
395	228.89	51	14
396	4.1	52	14
397	6704	53	14
398	196.66	54	14
57	714267656	57	15
58	32845184	58	15
59	14350486	59	16
60	636350	60	16
61	8	61	16
62	270362	62	16
63	268483	63	17
64	36597	64	17
55	19617	55	18
56	85.9114	56	18
119	713754076	57	19
120	36623776	58	19
121	13363676	59	20
122	427648	60	20
123	8	61	20
124	1957818	62	20
125	163595	63	21
126	32667	64	21
179	3947	55	26
180	93.2	56	26
233	2322	55	30
234	43.3	56	30
280	25626843	57	31
281	0	58	31
282	1	59	32
283	0	60	32
284	0	61	32
285	0	62	32
278	107326	55	34
279	99.8	56	34
340	263537	57	35
341	0	58	35
342	0	59	36
343	0	60	36
344	0	61	36
345	0	62	36
338	3809	55	38
339	57.7	56	38
399	17461	55	42
400	87.4	56	42
