1	1	1	1	1
2	1	2	1	1
3	1	3	2	1
4	1	4	2	1
5	1	5	3	1
7	1	7	4	1
9	1	9	5	1
11	1	11	6	1
13	1	13	7	1
14	1	14	7	1
15	1	15	8	1
17	1	17	9	1
19	1	19	10	1
20	1	20	10	1
21	1	21	11	1
23	1	23	12	1
24	1	24	12	1
25	1	25	13	1
27	1	27	14	1
28	1	28	14	1
29	1	29	15	1
31	1	31	16	1
33	1	33	17	1
34	1	34	17	1
35	1	35	18	1
37	1	37	19	1
38	1	38	19	1
39	1	39	20	1
41	1	41	21	1
43	1	43	22	1
44	1	44	22	1
45	1	45	23	1
46	1	46	23	1
47	1	47	24	1
49	1	49	25	1
50	1	50	25	1
51	1	51	26	1
52	1	52	26	1
53	1	53	27	1
55	1	55	28	1
57	1	57	29	1
58	1	58	29	1
59	1	59	30	1
61	1	61	31	1
62	1	62	31	1
63	1	63	32	1
65	1	65	33	1
67	1	67	34	1
69	1	69	35	1
71	1	71	36	1
73	1	73	37	1
75	1	75	38	1
76	1	76	38	1
77	1	77	39	1
79	1	79	40	1
80	1	80	40	1
81	1	81	41	1
82	1	82	41	1
83	1	83	42	1
84	1	84	42	1
85	1	85	43	1
87	1	87	44	1
89	1	89	45	1
90	1	90	45	1
91	1	91	46	1
92	1	92	46	1
93	1	93	47	1
95	1	95	48	1
96	1	96	48	1
97	1	97	49	1
98	1	98	49	1
99	1	99	50	1
100	1	100	50	1
101	1	101	51	1
103	1	103	52	1
104	1	104	52	1
105	1	105	53	1
106	1	106	53	1
107	1	107	54	1
109	1	109	55	1
111	1	111	56	1
112	1	112	56	1
113	1	113	57	1
115	1	115	58	1
116	1	116	58	1
117	1	117	59	1
119	1	119	60	1
121	1	121	61	1
122	1	122	61	1
123	1	123	62	1
124	1	124	62	1
125	1	125	63	1
126	1	126	63	1
127	1	127	64	1
128	1	128	64	1
129	1	129	65	1
131	1	131	66	1
132	1	132	66	1
133	1	133	67	1
135	1	135	68	1
136	1	136	68	1
137	1	137	69	1
138	1	138	69	1
139	1	139	70	1
141	1	141	71	1
142	1	142	71	1
143	1	143	72	1
145	1	145	73	1
146	1	146	73	1
147	1	147	74	1
148	1	148	74	1
149	1	149	75	1
151	1	151	76	1
153	1	153	77	1
154	1	154	77	1
155	1	155	78	1
157	1	157	79	1
158	1	158	79	1
159	1	159	80	1
160	1	160	80	1
161	1	161	81	1
162	1	162	81	1
163	1	163	82	1
164	1	164	82	1
165	1	165	83	1
166	1	166	83	1
167	1	167	84	1
168	1	168	84	1
169	1	169	85	1
170	1	170	85	1
171	1	171	86	1
172	1	172	86	1
173	1	173	87	1
174	1	174	87	1
175	1	175	88	1
176	1	176	88	1
177	1	177	89	1
178	1	178	89	1
179	1	179	90	1
181	1	181	91	1
182	1	182	91	1
183	1	183	92	1
184	1	184	92	1
185	1	185	93	1
186	1	186	93	1
187	1	187	94	1
189	1	191	96	1
190	1	189	95	1
191	1	192	96	1
192	1	190	95	1
193	1	193	97	1
194	1	194	97	1
195	1	195	98	1
196	1	196	98	1
197	1	197	99	1
199	1	199	100	2
200	1	200	100	2
201	1	201	101	\N
202	1	202	101	\N
203	1	203	102	\N
204	1	204	102	\N
205	1	205	103	\N
206	1	206	103	\N
207	1	207	104	\N
208	1	208	104	\N
209	1	209	105	\N
210	1	210	105	\N
211	1	211	106	\N
212	1	212	106	\N
213	1	213	107	\N
214	1	214	107	\N
215	1	215	108	\N
216	1	216	108	\N
217	1	217	109	\N
218	1	218	109	\N
219	1	219	110	\N
220	1	220	110	\N
221	1	221	111	\N
222	1	222	111	\N
223	1	223	112	\N
224	1	224	112	\N
225	1	225	113	\N
226	1	226	113	\N
227	1	227	114	\N
228	1	228	114	\N
229	1	229	115	\N
230	1	230	115	\N
231	1	231	116	\N
232	1	232	116	\N
233	1	233	117	\N
234	1	234	117	\N
235	1	235	118	\N
236	1	236	118	\N
237	1	237	119	\N
238	1	238	119	\N
239	1	239	120	\N
240	1	240	120	\N
241	1	241	121	\N
242	1	242	121	\N
243	1	243	122	\N
244	1	244	122	\N
245	1	245	123	\N
246	1	246	123	\N
247	1	247	124	\N
248	1	248	124	\N
249	1	249	125	\N
250	1	250	125	\N
251	1	251	126	\N
252	1	252	126	\N
253	1	253	127	\N
254	1	254	127	\N
255	1	255	128	\N
256	1	256	128	\N
257	1	257	129	\N
258	1	258	129	\N
259	1	259	130	\N
260	1	260	130	\N
261	1	261	131	\N
262	1	262	131	\N
263	1	263	132	\N
265	1	265	133	\N
266	1	266	133	\N
267	1	267	134	\N
268	1	268	134	\N
269	1	269	135	\N
270	1	270	135	\N
271	1	271	136	\N
272	1	272	136	\N
273	1	273	137	\N
274	1	274	137	\N
275	1	275	138	\N
276	1	276	138	\N
277	1	277	139	\N
278	1	278	139	\N
279	1	279	140	\N
280	1	280	140	\N
281	1	281	141	\N
282	1	282	141	\N
283	1	283	142	\N
284	1	284	142	\N
285	1	285	143	\N
286	1	286	143	\N
287	1	287	144	\N
288	1	288	144	\N
289	1	289	145	\N
290	1	290	145	\N
291	1	291	146	\N
292	1	292	146	\N
293	1	293	147	\N
294	1	294	147	\N
295	1	295	148	\N
296	1	296	148	\N
297	1	297	149	\N
298	1	298	149	\N
299	1	299	150	\N
300	1	300	150	\N
301	1	301	151	\N
302	1	302	151	\N
303	1	303	152	\N
304	1	304	152	\N
305	1	305	153	\N
306	1	306	153	\N
307	1	307	154	\N
308	1	308	154	\N
309	1	309	155	\N
310	1	310	155	\N
311	1	311	156	\N
313	1	313	157	\N
314	1	314	157	\N
315	1	315	158	\N
316	1	316	158	\N
317	1	317	159	\N
318	1	318	159	\N
319	1	319	160	\N
320	1	320	160	\N
321	1	321	161	\N
322	1	322	161	\N
323	1	323	162	\N
324	1	324	162	\N
325	1	325	163	\N
326	1	326	163	\N
327	1	327	164	\N
328	1	328	164	\N
329	1	329	165	\N
330	1	330	165	\N
331	1	331	166	\N
332	1	332	166	\N
333	1	333	167	\N
334	1	334	167	\N
335	1	335	168	\N
336	1	336	168	\N
337	1	337	169	\N
338	1	338	169	\N
339	1	339	170	\N
340	1	340	170	\N
341	1	341	171	\N
342	1	342	171	\N
343	1	343	172	\N
344	1	344	172	\N
345	1	345	173	\N
346	1	346	173	\N
347	1	347	174	\N
348	1	348	174	\N
349	1	349	175	\N
350	1	350	175	\N
351	1	351	176	\N
353	1	353	177	\N
354	1	354	177	\N
355	1	355	178	\N
356	1	356	178	\N
357	1	357	179	\N
359	1	359	180	\N
361	1	361	181	\N
363	1	363	182	\N
364	1	364	182	\N
365	1	365	183	\N
366	1	366	183	\N
367	1	367	184	\N
368	1	368	184	\N
369	1	369	185	\N
370	1	370	185	\N
371	1	371	186	\N
373	1	373	187	\N
374	1	374	187	\N
375	1	375	188	\N
377	1	377	189	\N
378	1	378	189	\N
379	1	379	190	\N
380	1	380	190	\N
381	1	381	191	\N
382	1	382	191	\N
383	1	383	192	\N
384	1	384	192	\N
385	1	385	193	\N
386	1	386	193	\N
387	1	387	194	\N
388	1	388	194	\N
389	1	389	195	\N
390	1	390	195	\N
391	1	391	196	\N
392	1	392	196	\N
393	1	393	197	\N
394	1	394	197	\N
395	1	395	198	\N
397	1	397	199	\N
399	1	399	200	\N
400	1	400	200	\N
401	1	401	201	\N
402	1	402	201	\N
403	1	403	202	\N
404	1	404	202	\N
405	1	405	203	\N
406	1	406	203	\N
407	1	409	205	\N
408	1	410	205	\N
409	1	407	204	\N
410	1	408	204	\N
411	1	411	206	\N
412	1	412	206	\N
413	1	413	207	\N
414	1	414	207	\N
415	1	415	208	\N
416	1	416	208	\N
417	1	417	209	\N
419	1	419	210	\N
420	1	420	210	\N
421	1	423	212	\N
422	1	424	212	\N
423	1	421	211	\N
424	1	422	211	\N
425	1	425	213	\N
426	1	426	213	\N
427	1	427	214	\N
428	1	428	214	\N
429	1	429	215	\N
430	1	430	215	\N
431	1	431	216	\N
432	1	432	216	\N
433	1	433	217	\N
434	1	434	217	\N
435	1	435	218	\N
436	1	436	218	\N
437	1	437	219	\N
438	1	438	219	\N
439	1	439	220	\N
440	1	440	220	\N
441	1	441	221	\N
442	1	442	221	\N
443	1	443	222	\N
444	1	444	222	\N
445	1	445	223	\N
446	1	446	223	\N
447	1	447	224	\N
448	1	448	224	\N
449	1	449	225	\N
450	1	450	225	\N
451	1	451	226	\N
452	1	452	226	\N
453	1	453	227	\N
454	1	454	227	\N
455	1	455	228	\N
456	1	456	228	\N
457	1	457	229	\N
458	1	458	229	\N
459	1	459	230	\N
461	1	461	231	\N
462	1	462	231	\N
463	1	463	232	\N
464	1	464	232	\N
465	1	465	233	\N
466	1	466	233	\N
467	1	467	234	\N
469	1	469	235	\N
470	1	470	235	\N
471	1	471	236	\N
472	1	472	236	\N
473	1	473	237	\N
475	1	475	238	\N
476	1	476	238	\N
477	1	477	239	\N
478	1	478	239	\N
479	1	479	240	\N
481	1	481	241	\N
886	1	886	3	1
887	1	888	4	1
888	1	890	5	1
889	1	892	6	1
890	1	894	8	1
891	1	896	9	1
892	1	898	34	1
893	1	900	11	1
894	1	902	16	1
895	1	904	180	\N
896	1	906	20	1
897	1	908	30	1
898	1	910	33	1
899	1	912	35	1
900	1	914	241	\N
901	1	916	188	\N
902	1	918	67	1
903	1	920	13	1
904	1	922	32	1
905	1	923	15	1
906	1	926	27	1
907	1	927	24	1
908	1	929	90	1
909	1	928	44	1
910	1	934	21	1
911	1	936	43	1
912	1	937	59	1
913	1	940	36	1
914	1	942	179	\N
925	1	954	37	1
926	1	956	39	1
927	1	958	94	1
930	1	962	60	1
931	1	964	72	1
932	1	966	176	\N
933	1	968	47	1
934	1	970	70	1
935	1	971	18	1
936	1	973	28	1
937	1	976	237	\N
938	1	978	51	1
939	1	979	186	\N
944	1	984	65	1
947	1	991	57	1
948	1	990	230	\N
949	1	993	55	1
950	1	996	198	\N
951	1	998	234	\N
952	1	1000	199	\N
953	1	1001	181	\N
956	1	1006	99	1
959	1	1010	54	1
960	1	1012	78	1
961	1	1014	209	\N
962	1	1016	76	1
963	1	1018	132	\N
966	1	1022	75	1
969	1	1026	156	\N
970	1	1028	240	\N
1332	1	1391	86	1
1333	1	1392	31	1
1334	1	1393	86	1
1335	1	1394	31	1
1336	1	1395	211	\N
1337	1	1396	199	\N
1338	1	1397	62	1
1339	1	1398	175	\N
1340	1	1399	149	\N
1341	1	1400	59	1
1342	1	1401	167	\N
1343	1	1402	105	\N
1344	1	1403	208	\N
1345	1	1404	218	\N
1346	1	1405	201	\N
1347	1	1406	83	1
1348	1	1407	131	\N
1349	1	1408	179	\N
1350	1	1409	163	\N
1351	1	1410	148	\N
1352	1	1411	85	1
1353	1	1412	108	\N
1354	1	1413	177	\N
1355	1	1414	12	1
1356	1	1415	159	\N
1357	1	1416	106	\N
1358	1	1417	213	\N
1359	1	1418	122	\N
1360	1	1419	144	\N
1361	1	1420	69	1
1362	1	1421	74	1
1363	1	1422	33	1
1364	1	1423	234	\N
1365	1	1424	217	\N
1366	1	1425	55	1
1367	1	1426	182	\N
1368	1	1427	66	1
1369	1	1428	212	\N
1370	1	1429	91	1
1371	1	1430	54	1
1372	1	1431	25	1
1373	1	1432	49	1
1374	1	1433	101	\N
1375	1	1434	210	\N
1376	1	1435	205	\N
1377	1	1436	88	1
1378	1	1437	45	1
1379	1	1438	14	1
1380	1	1439	21	1
1381	1	1440	40	1
1382	1	1441	198	\N
1383	1	1442	176	\N
1384	1	1443	124	\N
1385	1	1444	151	\N
1386	1	1445	165	\N
1387	1	1446	191	\N
1388	1	1447	155	\N
1389	1	1448	52	1
1390	1	1449	11	1
1391	1	1450	147	\N
1392	1	1451	72	1
1393	1	1452	157	\N
1394	1	1453	109	\N
1395	1	1454	95	1
1396	1	1455	61	1
1397	1	1456	78	1
1398	1	1457	236	\N
1399	1	1458	13	1
1400	1	1459	140	\N
1401	1	1460	129	\N
1402	1	1461	168	\N
1403	1	1462	134	\N
1404	1	1463	142	\N
1405	1	1464	125	\N
1406	1	1465	209	\N
1407	1	1466	39	1
1408	1	1467	187	\N
1409	1	1468	42	1
1410	1	1469	156	\N
1411	1	1470	99	1
1412	1	1471	184	\N
1413	1	1472	38	1
1414	1	1473	30	1
1415	1	1474	17	1
1416	1	1475	4	1
1417	1	1476	60	1
1418	1	1477	79	1
1419	1	1478	128	\N
1420	1	1479	67	1
1421	1	1480	102	\N
1422	1	1481	34	1
1423	1	1482	200	\N
1424	1	1483	10	1
1425	1	1484	118	\N
1426	1	1485	180	\N
1427	1	1486	146	\N
1428	1	1487	80	1
1429	1	1488	84	1
1430	1	1489	207	\N
1431	1	1490	181	\N
1432	1	1491	6	1
1433	1	1492	113	\N
1434	1	1493	71	1
1435	1	1494	7	1
1436	1	1495	117	\N
1437	1	1496	89	1
1438	1	1497	22	1
1439	1	1498	96	1
1440	1	1499	23	1
1441	1	1500	204	\N
1442	1	1501	160	\N
1443	1	1502	143	\N
1444	1	1503	183	\N
1445	1	1504	152	\N
1446	1	1505	189	\N
1447	1	1506	18	1
1448	1	1507	5	1
1449	1	1508	232	\N
1450	1	1509	174	\N
1451	1	1510	162	\N
1452	1	1511	126	\N
1453	1	1512	123	\N
1454	1	1513	81	1
1455	1	1514	195	\N
1456	1	1515	178	\N
1457	1	1516	20	1
1458	1	1517	90	1
1459	1	1518	211	\N
1460	1	1519	199	\N
1461	1	1520	62	1
1462	1	1521	175	\N
1463	1	1522	149	\N
1464	1	1523	59	1
1465	1	1524	167	\N
1466	1	1525	105	\N
1467	1	1526	208	\N
1468	1	1527	218	\N
1469	1	1528	201	\N
1470	1	1529	83	1
1471	1	1530	131	\N
1472	1	1531	179	\N
1473	1	1532	163	\N
1474	1	1533	148	\N
1475	1	1534	85	1
1476	1	1535	108	\N
1477	1	1536	177	\N
1478	1	1537	12	1
1479	1	1538	159	\N
1480	1	1539	106	\N
1481	1	1540	213	\N
1482	1	1541	122	\N
1483	1	1542	144	\N
1484	1	1543	69	1
1485	1	1544	74	1
1486	1	1545	33	1
1487	1	1546	234	\N
1488	1	1547	217	\N
1489	1	1548	55	1
1490	1	1549	182	\N
1491	1	1550	66	1
1492	1	1551	212	\N
2216	1	2275	59	1
2217	1	2276	4	1
2218	1	2277	32	1
2219	1	2278	234	\N
2220	1	2279	213	\N
2221	1	2280	176	\N
2222	1	2281	17	1
2223	1	2282	182	\N
2224	1	2283	25	1
2225	1	2284	27	1
2226	1	2285	152	\N
2227	1	2286	40	1
2228	1	2287	36	1
2229	1	2288	209	\N
2230	1	2289	162	\N
2231	1	2290	124	\N
2232	1	2291	31	1
2233	1	2292	90	1
2234	1	2293	109	\N
2235	1	2294	178	\N
2236	1	2295	170	\N
2237	1	2296	77	1
2238	1	2297	63	1
2239	1	2298	82	1
2240	1	2299	79	1
2241	1	2300	165	\N
2242	1	2301	22	1
2243	1	2302	161	\N
2244	1	2303	107	\N
2245	1	2304	108	\N
2246	1	2305	71	1
2247	1	2306	34	1
2248	1	2307	10	1
2249	1	2308	97	1
2250	1	2309	125	\N
2251	1	2310	195	\N
2252	1	2311	111	\N
2253	1	2312	235	\N
2254	1	2313	41	1
2255	1	2314	122	\N
2256	1	2315	159	\N
2257	1	2316	173	\N
2258	1	2317	43	1
2259	1	2318	70	1
2260	1	2319	99	1
2261	1	2320	133	\N
2262	1	2321	233	\N
2263	1	2322	135	\N
2264	1	2323	134	\N
2265	1	2324	106	\N
2266	1	2325	138	\N
2267	1	2326	219	\N
2268	1	2327	145	\N
2269	1	2328	38	1
2270	1	2329	100	2
2271	1	2330	91	1
2272	1	2331	20	1
2273	1	2332	229	\N
2274	1	2333	160	\N
2275	1	2334	154	\N
2276	1	2335	193	\N
2277	1	2336	175	\N
2278	1	2337	217	\N
2279	1	2338	7	1
2280	1	2339	28	1
2281	1	2340	187	\N
2282	1	2341	29	1
2283	1	2342	3	1
2284	1	2343	223	\N
2285	1	2344	21	1
2286	1	2345	8	1
2287	1	2346	171	\N
2288	1	2347	146	\N
2289	1	2348	12	1
2290	1	2349	218	\N
2291	1	2350	153	\N
2292	1	2351	239	\N
2293	1	2352	198	\N
2294	1	2353	210	\N
2295	1	2354	35	1
2296	1	2355	2	1
2297	1	2356	184	\N
2298	1	2357	201	\N
2299	1	2358	14	1
2300	1	2359	220	\N
2301	1	2360	57	1
2302	1	2361	241	\N
2303	1	2362	103	\N
2304	1	2363	93	1
2305	1	2364	76	1
2306	1	2365	56	1
2307	1	2366	205	\N
2308	1	2367	180	\N
2309	1	2368	30	1
2310	1	2369	194	\N
2311	1	2370	50	1
2312	1	2371	37	1
2313	1	2372	238	\N
2314	1	2373	183	\N
2315	1	2374	230	\N
2316	1	2375	228	\N
2317	1	2376	214	\N
2318	1	2377	62	1
2319	1	2378	66	1
2320	1	2379	120	\N
2321	1	2380	69	1
2322	1	2381	51	1
2323	1	2382	137	\N
2324	1	2383	130	\N
2325	1	2384	74	1
2326	1	2385	72	1
2327	1	2386	119	\N
2328	1	2387	105	\N
2329	1	2388	240	\N
2330	1	2389	129	\N
2331	1	2390	39	1
2332	1	2391	157	\N
2333	1	2392	196	\N
2334	1	2393	92	1
2335	1	2394	203	\N
2336	1	2395	127	\N
2337	1	2396	143	\N
2338	1	2397	226	\N
2339	1	2398	231	\N
2340	1	2399	211	\N
2341	1	2400	156	\N
2342	1	2401	73	1
2343	1	2402	149	\N
2344	1	2403	68	1
2345	1	2404	46	1
2346	1	2405	84	1
2347	1	2406	16	1
2348	1	2407	144	\N
2349	1	2408	5	1
2350	1	2409	139	\N
2351	1	2410	163	\N
2352	1	2411	186	\N
2353	1	2412	6	1
2354	1	2413	53	1
2355	1	2414	18	1
2356	1	2415	58	1
2357	1	2416	55	1
2358	1	2417	204	\N
2359	1	2418	132	\N
2360	1	2419	123	\N
2361	1	2420	142	\N
2362	1	2421	202	\N
2363	1	2422	216	\N
2364	1	2423	128	\N
2365	1	2424	207	\N
2366	1	2425	136	\N
2367	1	2426	87	1
2368	1	2427	232	\N
2369	1	2428	44	1
2370	1	2429	95	1
2371	1	2430	49	1
2372	1	2431	60	1
2373	1	2432	115	\N
2374	1	2433	114	\N
2375	1	2434	140	\N
2376	1	2435	23	1
2377	1	2436	64	1
2378	1	2437	236	\N
2379	1	2438	225	\N
2380	1	2439	158	\N
2381	1	2440	167	\N
2382	1	2441	237	\N
2383	1	2442	48	1
2384	1	2443	189	\N
2385	1	2444	67	1
2386	1	2445	181	\N
2387	1	2446	190	\N
2388	1	2447	116	\N
2389	1	2448	89	1
2390	1	2449	86	1
2391	1	2450	185	\N
2392	1	2451	199	\N
2393	1	2452	33	1
2394	1	2453	200	\N
2395	1	2454	19	1
2396	1	2455	131	\N
2397	1	2456	172	\N
2398	1	2457	121	\N
2399	1	2458	1	1
2400	1	2459	224	\N
2401	1	2460	24	1
2402	1	2461	227	\N
2403	1	2462	151	\N
2404	1	2463	83	1
2405	1	2464	11	1
2406	1	2465	192	\N
2407	1	2466	113	\N
2408	1	2467	112	\N
2409	1	2468	9	1
2410	1	2469	118	\N
2411	1	2470	78	1
2412	1	2471	188	\N
2413	1	2472	101	\N
2414	1	2473	85	1
2415	1	2474	155	\N
2416	1	2475	197	\N
2417	1	2476	13	1
2418	1	2477	52	1
2419	1	2478	45	1
2420	1	2479	75	1
2421	1	2480	94	1
2422	1	2481	212	\N
2423	1	2482	174	\N
2424	1	2483	88	1
2425	1	2484	141	\N
2426	1	2485	206	\N
2427	1	2486	215	\N
2428	1	2487	147	\N
2429	1	2488	208	\N
2430	1	2489	80	1
2431	1	2490	42	1
2432	1	2491	179	\N
2433	1	2492	98	1
2434	1	2493	177	\N
2435	1	2494	169	\N
2436	1	2495	221	\N
2437	1	2496	164	\N
2438	1	2497	104	\N
2439	1	2498	150	\N
2440	1	2499	168	\N
2441	1	2500	15	1
2442	1	2501	148	\N
2443	1	2502	65	1
2444	1	2503	126	\N
2445	1	2504	222	\N
2446	1	2505	54	1
2447	1	2506	102	\N
2448	1	2507	26	1
2449	1	2508	96	1
2450	1	2509	117	\N
2451	1	2510	81	1
2452	1	2511	47	1
2453	1	2512	110	\N
2454	1	2513	61	1
2455	1	2514	191	\N
2456	1	2515	166	\N
2457	1	2516	182	\N
2458	1	2517	163	\N
2459	1	2518	86	1
2460	1	2519	167	\N
2461	1	2520	211	\N
2462	1	2521	2	\N
2463	1	2522	3	\N
2464	1	2523	2	\N
2465	1	2524	2	\N
2466	1	2525	3	\N